{
    "plddt": 33.054744720458984,
    "gpde": 6.597904205322266,
    "ptm": 0.18794094026088715,
    "iptm": 0.1558595895767212,
    "chain_gpde": [
        5.221168518066406,
        5.180306434631348,
        4.680394172668457,
        4.596443176269531,
        1.2508513927459717,
        0.9686521887779236,
        0.958304226398468,
        0.27153924107551575,
        0.270720899105072,
        0.2709490954875946
    ],
    "chain_pair_gpde": [
        [
            0.0,
            15.406473159790039,
            15.471822738647461,
            15.076014518737793,
            13.319197654724121,
            14.158059120178223,
            13.94668960571289,
            13.301051139831543,
            16.15937042236328,
            14.50617790222168
        ],
        [
            15.406473159790039,
            0.0,
            15.388821601867676,
            16.75881004333496,
            15.421791076660156,
            13.720139503479004,
            14.700096130371094,
            14.336997985839844,
            13.719555854797363,
            16.05526351928711
        ],
        [
            15.471822738647461,
            15.388821601867676,
            0.0,
            16.25544548034668,
            12.645833015441895,
            13.498819351196289,
            14.241440773010254,
            15.385581016540527,
            17.078386306762695,
            14.824494361877441
        ],
        [
            15.076014518737793,
            16.75881004333496,
            16.25544548034668,
            0.0,
            15.444061279296875,
            13.632889747619629,
            12.248268127441406,
            14.404901504516602,
            14.203879356384277,
            15.714197158813477
        ],
        [
            13.319197654724121,
            15.421791076660156,
            12.645833015441895,
            15.444061279296875,
            0.0,
            12.197007179260254,
            12.9452486038208,
            11.10344409942627,
            14.472190856933594,
            15.587778091430664
        ],
        [
            14.158059120178223,
            13.720139503479004,
            13.498819351196289,
            13.632889747619629,
            12.197007179260254,
            0.0,
            13.023999214172363,
            10.518892288208008,
            15.52427864074707,
            12.834951400756836
        ],
        [
            13.94668960571289,
            14.700096130371094,
            14.241440773010254,
            12.248268127441406,
            12.9452486038208,
            13.023999214172363,
            0.0,
            13.397812843322754,
            12.873823165893555,
            15.5001859664917
        ],
        [
            13.301051139831543,
            14.336997985839844,
            15.385581016540527,
            14.404901504516602,
            11.10344409942627,
            10.518892288208008,
            13.397812843322754,
            0.0,
            18.393112182617188,
            14.170650482177734
        ],
        [
            16.15937042236328,
            13.719555854797363,
            17.078386306762695,
            14.203879356384277,
            14.472190856933594,
            15.52427864074707,
            12.873823165893555,
            18.393112182617188,
            0.0,
            15.328968048095703
        ],
        [
            14.50617790222168,
            16.05526351928711,
            14.824494361877441,
            15.714197158813477,
            15.587778091430664,
            12.834951400756836,
            15.5001859664917,
            14.170650482177734,
            15.328968048095703,
            0.0
        ]
    ],
    "chain_ptm": [
        0.17682702839374542,
        0.18077056109905243,
        0.1840197890996933,
        0.17936086654663086,
        0.09620203077793121,
        0.08527304977178574,
        0.0857563465833664,
        0.0,
        0.0,
        0.0
    ],
    "chain_iptm": [
        0.07660196721553802,
        0.07466313242912292,
        0.09728636592626572,
        0.09218312054872513,
        0.042025186121463776,
        0.04843682423233986,
        0.04530448839068413,
        0.04445364698767662,
        0.04037977755069733,
        0.04224029555916786
    ],
    "chain_pair_iptm": [
        [
            0.0,
            0.07131925225257874,
            0.10771305114030838,
            0.08586254715919495,
            0.07147681713104248,
            0.10365363955497742,
            0.04406001418828964,
            0.08027169108390808,
            0.055893443524837494,
            0.044693805277347565
        ],
        [
            0.07131925225257874,
            0.0,
            0.08432092517614365,
            0.11166925728321075,
            0.05487159639596939,
            0.04701527953147888,
            0.10543996840715408,
            0.04164796322584152,
            0.053280655294656754,
            0.07574579119682312
        ],
        [
            0.10771305114030838,
            0.08432092517614365,
            0.0,
            0.0947222039103508,
            0.09619686752557755,
            0.1386726200580597,
            0.0620170496404171,
            0.12806008756160736,
            0.09778373688459396,
            0.06616615504026413
        ],
        [
            0.08586254715919495,
            0.11166925728321075,
            0.0947222039103508,
            0.0,
            0.08690944314002991,
            0.06713112443685532,
            0.12248503416776657,
            0.06094794720411301,
            0.0754578709602356,
            0.10878176987171173
        ],
        [
            0.07147681713104248,
            0.05487159639596939,
            0.09619686752557755,
            0.08690944314002991,
            0.0,
            0.003321203403174877,
            0.0023072203621268272,
            5.706925367121585e-05,
            7.554524199804291e-05,
            7.883172656875104e-05
        ],
        [
            0.10365363955497742,
            0.04701527953147888,
            0.1386726200580597,
            0.06713112443685532,
            0.003321203403174877,
            0.0,
            0.003334915731102228,
            0.0001389722601743415,
            9.139553003478795e-05,
            6.43797975499183e-05
        ],
        [
            0.04406001418828964,
            0.10543996840715408,
            0.0620170496404171,
            0.12248503416776657,
            0.0023072203621268272,
            0.003334915731102228,
            0.0,
            5.178625724511221e-05,
            7.577447104267776e-05,
            0.0001513040770078078
        ],
        [
            0.08027169108390808,
            0.04164796322584152,
            0.12806008756160736,
            0.06094794720411301,
            5.706925367121585e-05,
            0.0001389722601743415,
            5.178625724511221e-05,
            0.0,
            0.0,
            0.0
        ],
        [
            0.055893443524837494,
            0.053280655294656754,
            0.09778373688459396,
            0.0754578709602356,
            7.554524199804291e-05,
            9.139553003478795e-05,
            7.577447104267776e-05,
            0.0,
            0.0,
            0.0
        ],
        [
            0.044693805277347565,
            0.07574579119682312,
            0.06616615504026413,
            0.10878176987171173,
            7.883172656875104e-05,
            6.43797975499183e-05,
            0.0001513040770078078,
            0.0,
            0.0,
            0.0
        ]
    ],
    "chain_pair_iptm_global": [
        [
            0.0,
            0.07563254982233047,
            0.08694416284561157,
            0.08439254760742188,
            0.042025186121463776,
            0.04843682423233986,
            0.04530448839068413,
            0.04445364698767662,
            0.04037977755069733,
            0.04224029555916786
        ],
        [
            0.07563254982233047,
            0.0,
            0.08597475290298462,
            0.08342312276363373,
            0.042025186121463776,
            0.04843682423233986,
            0.04530448839068413,
            0.04445364698767662,
            0.04037977755069733,
            0.04224029555916786
        ],
        [
            0.08694416284561157,
            0.08597475290298462,
            0.0,
            0.09473474323749542,
            0.042025186121463776,
            0.04843682423233986,
            0.04530448839068413,
            0.04445364698767662,
            0.04037977755069733,
            0.04224029555916786
        ],
        [
            0.08439254760742188,
            0.08342312276363373,
            0.09473474323749542,
            0.0,
            0.042025186121463776,
            0.04843682423233986,
            0.04530448839068413,
            0.04445364698767662,
            0.04037977755069733,
            0.04224029555916786
        ],
        [
            0.042025186121463776,
            0.042025186121463776,
            0.042025186121463776,
            0.042025186121463776,
            0.0,
            0.042025186121463776,
            0.042025186121463776,
            0.042025186121463776,
            0.042025186121463776,
            0.042025186121463776
        ],
        [
            0.04843682423233986,
            0.04843682423233986,
            0.04843682423233986,
            0.04843682423233986,
            0.04843682423233986,
            0.0,
            0.04843682423233986,
            0.04843682423233986,
            0.04843682423233986,
            0.04843682423233986
        ],
        [
            0.04530448839068413,
            0.04530448839068413,
            0.04530448839068413,
            0.04530448839068413,
            0.04530448839068413,
            0.04530448839068413,
            0.0,
            0.04530448839068413,
            0.04530448839068413,
            0.04530448839068413
        ],
        [
            0.04445364698767662,
            0.04445364698767662,
            0.04445364698767662,
            0.04445364698767662,
            0.04445364698767662,
            0.04445364698767662,
            0.04445364698767662,
            0.0,
            0.04445364698767662,
            0.04445364698767662
        ],
        [
            0.04037977755069733,
            0.04037977755069733,
            0.04037977755069733,
            0.04037977755069733,
            0.04037977755069733,
            0.04037977755069733,
            0.04037977755069733,
            0.04037977755069733,
            0.0,
            0.04037977755069733
        ],
        [
            0.04224029555916786,
            0.04224029555916786,
            0.04224029555916786,
            0.04224029555916786,
            0.04224029555916786,
            0.04224029555916786,
            0.04224029555916786,
            0.04224029555916786,
            0.04224029555916786,
            0.0
        ]
    ],
    "chain_plddt": [
        0.30959028005599976,
        0.30939415097236633,
        0.34533825516700745,
        0.34630945324897766,
        0.10724140703678131,
        0.16557827591896057,
        0.1616605520248413,
        0.12768758833408356,
        0.10320032387971878,
        0.10891460627317429
    ],
    "chain_pair_plddt": [
        [
            0.0,
            0.30949220061302185,
            0.3312576413154602,
            0.3318462669849396,
            0.30835509300231934,
            0.30823618173599243,
            0.30819934606552124,
            0.30948877334594727,
            0.3094750940799713,
            0.3094782829284668
        ],
        [
            0.30949220061302185,
            0.0,
            0.3311803340911865,
            0.33176901936531067,
            0.3081601560115814,
            0.30804190039634705,
            0.30800503492355347,
            0.3092927634716034,
            0.30927911400794983,
            0.3092822730541229
        ],
        [
            0.3312576413154602,
            0.3311803340911865,
            0.0,
            0.34582385420799255,
            0.34439170360565186,
            0.34423622488975525,
            0.34421223402023315,
            0.34525930881500244,
            0.3452504277229309,
            0.34525251388549805
        ],
        [
            0.3318462669849396,
            0.33176901936531067,
            0.34582385420799255,
            0.0,
            0.34535905718803406,
            0.3452014923095703,
            0.34517747163772583,
            0.346230149269104,
            0.34622129797935486,
            0.3462233543395996
        ],
        [
            0.30835509300231934,
            0.3081601560115814,
            0.34439170360565186,
            0.34535905718803406,
            0.0,
            0.1426602303981781,
            0.14028160274028778,
            0.10894525051116943,
            0.10690464824438095,
            0.10738083720207214
        ],
        [
            0.30823618173599243,
            0.30804190039634705,
            0.34423622488975525,
            0.3452014923095703,
            0.1426602303981781,
            0.0,
            0.16361941397190094,
            0.1634732335805893,
            0.16211284697055817,
            0.1624303013086319
        ],
        [
            0.30819934606552124,
            0.30800503492355347,
            0.34421223402023315,
            0.34517747163772583,
            0.14028160274028778,
            0.16361941397190094,
            0.0,
            0.15977315604686737,
            0.15841275453567505,
            0.15873022377490997
        ],
        [
            0.30948877334594727,
            0.3092927634716034,
            0.34525930881500244,
            0.346230149269104,
            0.10894525051116943,
            0.1634732335805893,
            0.15977315604686737,
            0.0,
            0.11544395983219147,
            0.11830109357833862
        ],
        [
            0.3094750940799713,
            0.30927911400794983,
            0.3452504277229309,
            0.34622129797935486,
            0.10690464824438095,
            0.16211284697055817,
            0.15841275453567505,
            0.11544395983219147,
            0.0,
            0.10605746507644653
        ],
        [
            0.3094782829284668,
            0.3092822730541229,
            0.34525251388549805,
            0.3462233543395996,
            0.10738083720207214,
            0.1624303013086319,
            0.15873022377490997,
            0.11830109357833862,
            0.10605746507644653,
            0.0
        ]
    ],
    "has_clash": true,
    "disorder": 0.0,
    "ranking_score": -99.83772277832031,
    "num_recycles": 4
}